0.022528 0.633557 0.001335 0.000010 0.342570
0.416774 0.123414 0.005246 0.117200 0.337366
0.037653 0.872546 0.089307 0.000010 0.000484
0.021955 0.213100 0.000010 0.027205 0.737730
0.000010 0.222864 0.000099 0.000010 0.777017
0.001335 0.698274 0.000010 0.000010 0.300370
0.000010 0.871672 0.128298 0.000010 0.000010
0.499109 0.480689 0.006607 0.013585 0.000010
0.125416 0.854825 0.000010 0.019217 0.000532
0.000733 0.127459 0.001489 0.001480 0.868838
0.006368 0.839349 0.097460 0.000010 0.056813
0.551152 0.378221 0.000010 0.070607 0.000010
0.008206 0.000010 0.000010 0.001503 0.990272
0.354589 0.636586 0.000762 0.008054 0.000010
0.595870 0.103377 0.004170 0.296573 0.000010
0.003514 0.643288 0.004139 0.003864 0.345195
0.239036 0.760328 0.000616 0.000010 0.000010
0.000010 0.237019 0.000096 0.000010 0.762865
0.000010 0.002486 0.000010 0.000010 0.997484
0.000010 0.194096 0.000010 0.004476 0.801408
0.018983 0.884154 0.003130 0.018801 0.074932
0.000010 0.900317 0.089127 0.010536 0.000010
0.142105 0.119213 0.000010 0.000010 0.738663
0.002257 0.815825 0.181899 0.000010 0.000010
0.266366 0.731112 0.002501 0.000010 0.000010
0.693588 0.266729 0.000010 0.039663 0.000010
0.035626 0.000010 0.000010 0.000845 0.963509
0.000010 0.361406 0.000010 0.001398 0.637175
0.000060 0.908901 0.088335 0.002694 0.000010
0.000010 0.977741 0.018322 0.000010 0.003917
0.033231 0.844696 0.022078 0.000045 0.099950
0.490820 0.230221 0.002395 0.275269 0.001295
0.660790 0.047048 0.003499 0.229657 0.059006
0.000010 0.013309 0.000010 0.000010 0.986661
0.000010 0.990947 0.006118 0.002160 0.000764
0.000010 0.865990 0.132784 0.001206 0.000010
0.306126 0.450616 0.000010 0.053157 0.190091
0.000010 0.225050 0.384812 0.224904 0.165224
0.230835 0.767560 0.000010 0.000010 0.001585
0.000010 0.296710 0.000010 0.000010 0.703260
0.000010 0.919533 0.068957 0.011491 0.000010
0.794553 0.000016 0.000010 0.195730 0.009691
0.000010 0.932457 0.039729 0.005895 0.021908
0.158952 0.378612 0.000010 0.000010 0.462416
0.602745 0.243997 0.010169 0.143079 0.000010
0.009004 0.149340 0.000010 0.000010 0.841637
0.009797 0.466674 0.395956 0.127563 0.000010
0.259298 0.191630 0.000010 0.008778 0.540284
0.082384 0.103126 0.105188 0.159301 0.550001
0.002821 0.193452 0.425172 0.291786 0.086770
0.000010 0.976602 0.023368 0.000010 0.000010
0.001391 0.345413 0.506818 0.146369 0.000010
0.081179 0.640666 0.013662 0.004054 0.260439
0.000010 0.378139 0.159590 0.000584 0.461677
0.002621 0.112209 0.208395 0.154725 0.522051
0.102895 0.000010 0.894033 0.000010 0.003052
0.243895 0.019040 0.736987 0.000010 0.000068
0.774974 0.002338 0.222669 0.000010 0.000010
0.994868 0.000010 0.005102 0.000010 0.000010
0.002366 0.000010 0.997604 0.000010 0.000010
0.733666 0.000010 0.262910 0.000010 0.003405
0.649107 0.000010 0.343171 0.000010 0.007702
0.002675 0.000010 0.698109 0.000010 0.299196
0.278967 0.151090 0.569923 0.000010 0.000010
0.000940 0.000010 0.967941 0.031099 0.000010
0.452709 0.000010 0.538244 0.000010 0.009026
0.685951 0.019054 0.294975 0.000010 0.000010
0.494632 0.000010 0.501863 0.000010 0.003485
0.914343 0.000010 0.085541 0.000010 0.000097
0.085179 0.000010 0.833776 0.081025 0.000010
0.471637 0.000461 0.475811 0.000010 0.052081
0.551472 0.005874 0.389053 0.000010 0.053591
0.129215 0.716374 0.000010 0.026363 0.128037
0.405722 0.329428 0.000010 0.029998 0.234842
0.490876 0.332793 0.000010 0.176311 0.000010
0.099015 0.689399 0.043998 0.015549 0.152038
0.000010 0.000010 0.000010 0.000010 0.999960
0.000010 0.332594 0.000010 0.007128 0.660258
0.000010 0.898547 0.099069 0.002364 0.000010
0.015452 0.021100 0.000010 0.000010 0.963428
0.000010 0.000010 0.003105 0.002602 0.994273
0.000010 0.196381 0.006070 0.000010 0.797528
0.490736 0.349042 0.003401 0.156811 0.000010
0.004115 0.153912 0.005367 0.000010 0.836596
0.000010 0.841828 0.156957 0.001195 0.000010
0.452560 0.299453 0.000010 0.245699 0.002279
0.000010 0.197530 0.002066 0.000010 0.800384
0.036518 0.127501 0.492784 0.320205 0.022993
0.140112 0.859858 0.000010 0.000010 0.000010
0.584312 0.117357 0.005761 0.196971 0.095599
0.147703 0.841947 0.001911 0.008428 0.000010
0.000010 0.000010 0.007865 0.000316 0.991799
0.047068 0.172093 0.371235 0.289545 0.120059
0.522318 0.309796 0.003700 0.009626 0.154560
0.001704 0.000010 0.000010 0.000010 0.998266
0.000010 0.000010 0.010691 0.030508 0.958781
0.000950 0.776419 0.000010 0.005608 0.217013
0.000010 0.605541 0.203914 0.014848 0.175687
0.530273 0.263369 0.000010 0.206338 0.000010
0.000010 0.000010 0.000010 0.000010 0.999960
0.002615 0.925705 0.055814 0.015856 0.000010
0.001010 0.546573 0.007736 0.000010 0.444671
0.305574 0.000010 0.000010 0.011531 0.682875
0.646825 0.013028 0.340127 0.000010 0.000010
0.000923 0.004205 0.994852 0.000010 0.000010
0.000010 0.000010 0.623854 0.000010 0.376116
0.311265 0.000010 0.677330 0.000010 0.011385
0.000010 0.000010 0.990518 0.000010 0.009452
0.488166 0.000010 0.511804 0.000010 0.000010
0.109914 0.000010 0.479591 0.000010 0.410475
0.144068 0.000010 0.851006 0.000010 0.004905
0.996023 0.000010 0.000980 0.000010 0.002977
0.526714 0.013936 0.459330 0.000010 0.000010
0.315021 0.193226 0.491733 0.000010 0.000010
0.286001 0.000010 0.621292 0.000010 0.092687
0.169674 0.000010 0.795133 0.000010 0.035173
0.382682 0.033642 0.576938 0.001581 0.005157
0.821842 0.000010 0.177061 0.000010 0.001077
0.125856 0.000052 0.871541 0.000010 0.002542
0.266100 0.000010 0.733775 0.000010 0.000104
0.001618 0.000010 0.997155 0.000028 0.001189
0.096015 0.000010 0.886086 0.012020 0.005869
0.000010 0.000010 0.893539 0.000010 0.106431
0.000129 0.020778 0.793974 0.000010 0.185108
0.998278 0.000010 0.001692 0.000010 0.000010
0.000010 0.000010 0.989535 0.000010 0.010435
0.734925 0.000010 0.265044 0.000011 0.000010
0.001992 0.007102 0.374891 0.000010 0.616004
0.000010 0.003879 0.984166 0.011935 0.000010
0.131089 0.000010 0.857698 0.000010 0.011193
0.000209 0.008803 0.990968 0.000010 0.000010
0.000010 0.000010 0.999960 0.000010 0.000010
0.000010 0.000010 0.272195 0.000010 0.727775
0.000863 0.000010 0.998991 0.000010 0.000126
0.370309 0.000010 0.629661 0.000010 0.000010
0.082475 0.000010 0.902780 0.000010 0.014726
0.200274 0.000010 0.799696 0.000010 0.000010
0.567410 0.000010 0.358207 0.000010 0.074363
0.377749 0.004394 0.585516 0.000010 0.032332
0.157692 0.008151 0.830575 0.000010 0.003572
0.124176 0.000010 0.782112 0.000010 0.093692
0.130521 0.042699 0.821141 0.000010 0.005629
0.003402 0.004597 0.911273 0.080718 0.000010
0.000010 0.000010 0.801064 0.021061 0.177855
0.725689 0.012808 0.261259 0.000010 0.000234
0.229024 0.000010 0.539408 0.000010 0.231548
0.118265 0.021217 0.860498 0.000010 0.000010
0.325976 0.060598 0.609275 0.004141 0.000010
0.632434 0.077503 0.290043 0.000010 0.000010
0.667654 0.000010 0.331297 0.000010 0.001029
0.929687 0.000010 0.070283 0.000010 0.000010
0.996323 0.000010 0.000010 0.000010 0.003647
0.000010 0.000010 0.993764 0.000010 0.006206
0.252848 0.000010 0.219124 0.000010 0.528008
0.089435 0.007373 0.752194 0.015609 0.135389
0.000010 0.000010 0.527565 0.000010 0.472405
0.434793 0.000010 0.562971 0.000010 0.002216
0.000010 0.226438 0.712318 0.000010 0.061224
0.250792 0.010251 0.738937 0.000010 0.000010
0.173416 0.000010 0.826554 0.000010 0.000010
0.152012 0.070625 0.532159 0.007127 0.238077
0.000010 0.000010 0.610831 0.000010 0.389139
0.350469 0.000010 0.638727 0.006822 0.003972
0.275177 0.000010 0.717705 0.000010 0.007098
0.002289 0.000010 0.522356 0.000019 0.475325
0.206370 0.000010 0.793600 0.000010 0.000010
0.007584 0.010416 0.981980 0.000010 0.000010
0.000010 0.000010 0.997420 0.000010 0.002550
0.607338 0.000010 0.392632 0.000010 0.000010
0.327265 0.000010 0.672069 0.000010 0.000646
0.000010 0.000010 0.999318 0.000652 0.000010
0.997466 0.000010 0.002504 0.000010 0.000010
0.907206 0.000010 0.092764 0.000010 0.000010
0.993229 0.000010 0.006741 0.000010 0.000010
0.507836 0.000010 0.488729 0.000010 0.003415
0.000010 0.000010 0.992204 0.000010 0.007766
0.578384 0.000010 0.417743 0.000010 0.003853
0.000010 0.014672 0.960231 0.000010 0.025077
0.000010 0.000010 0.997057 0.000010 0.002913
0.000010 0.000010 0.921870 0.000010 0.078100
0.728801 0.000010 0.216708 0.030165 0.024316
0.999960 0.000010 0.000010 0.000010 0.000010
0.913082 0.000010 0.077172 0.000010 0.009726
0.758606 0.000010 0.232647 0.000010 0.008726
0.000010 0.000010 0.625232 0.000010 0.374738
0.437191 0.502745 0.000010 0.060044 0.000010
0.431032 0.000010 0.000010 0.486419 0.082530
0.000010 0.000010 0.013551 0.263483 0.722947
0.000010 0.000010 0.000010 0.299065 0.700905
0.000010 0.995576 0.000010 0.004394 0.000010
0.000010 0.989476 0.008387 0.002117 0.000010
0.461984 0.000010 0.002613 0.534917 0.000475
0.319448 0.000010 0.000010 0.680522 0.000010
0.000010 0.743069 0.058696 0.198215 0.000010
0.000829 0.992286 0.006865 0.000010 0.000010
0.003590 0.996380 0.000010 0.000010 0.000010
0.000010 0.044853 0.152824 0.640892 0.161422
0.114469 0.429445 0.071281 0.384760 0.000044
0.000010 0.937140 0.000010 0.000010 0.062830
0.031200 0.128055 0.214097 0.485335 0.141314
0.000010 0.152413 0.005658 0.137248 0.704671
0.000010 0.998662 0.000426 0.000892 0.000010
0.000010 0.998001 0.000010 0.001969 0.000010
0.000010 0.996916 0.000010 0.003054 0.000010
0.032402 0.000010 0.234186 0.733392 0.000010
0.000010 0.000036 0.000010 0.355114 0.644830
0.051482 0.000010 0.203304 0.745194 0.000010
0.000010 0.000010 0.000010 0.225935 0.774035
0.001631 0.948483 0.049597 0.000279 0.000010
0.138220 0.000010 0.000010 0.576787 0.284973
0.000010 0.798104 0.075362 0.122933 0.003592
0.001820 0.993709 0.000010 0.000010 0.004451
0.472938 0.007623 0.000010 0.515773 0.003655
0.248828 0.038965 0.012709 0.555584 0.143913
0.260369 0.000010 0.092592 0.647018 0.000010
0.004426 0.000656 0.000010 0.316300 0.678609
0.000010 0.000010 0.000010 0.288317 0.711653
0.000010 0.223488 0.349036 0.424770 0.002696
0.000897 0.353238 0.090195 0.555661 0.000010
0.194390 0.084194 0.003591 0.717814 0.000010
0.000010 0.002209 0.278000 0.719770 0.000010
0.000010 0.000010 0.263623 0.736347 0.000010
0.000010 0.346166 0.284006 0.362983 0.006835
0.000010 0.000010 0.000010 0.312833 0.687137
0.467423 0.227587 0.000010 0.304969 0.000010
0.004176 0.995794 0.000010 0.000010 0.000010
0.000010 0.000010 0.000012 0.265568 0.734399
0.000010 0.000134 0.012014 0.377063 0.610779
0.456812 0.000010 0.000010 0.543158 0.000010
0.000010 0.000010 0.000010 0.377830 0.622140
0.000010 0.867870 0.000010 0.062355 0.069754
0.509296 0.000563 0.000010 0.490121 0.000010
0.002712 0.001433 0.000010 0.253481 0.742365
0.000010 0.000502 0.000031 0.272382 0.727074
0.000010 0.767644 0.000010 0.232326 0.000010
0.004577 0.892739 0.000649 0.102025 0.000010
0.010726 0.000010 0.241010 0.743658 0.004596
0.005094 0.882626 0.000010 0.010576 0.101694
0.000010 0.999960 0.000010 0.000010 0.000010
0.000010 0.255068 0.000010 0.077657 0.667255
0.000010 0.000010 0.324370 0.675600 0.000010
0.000010 0.000010 0.000010 0.351034 0.648936
0.488716 0.147975 0.000010 0.356967 0.006332
0.381218 0.005349 0.000010 0.613413 0.000010
0.000010 0.000594 0.000619 0.237466 0.761312
0.000010 0.121458 0.089125 0.308169 0.481237
0.000010 0.004270 0.401886 0.593824 0.000010
0.000010 0.000100 0.013657 0.206558 0.779675
0.547526 0.000010 0.000010 0.452442 0.000012
0.000546 0.000010 0.228908 0.770526 0.000010
0.005413 0.150244 0.000010 0.231631 0.612702
0.000010 0.837252 0.007583 0.000010 0.155144
0.000010 0.837376 0.003835 0.158770 0.000010
0.498596 0.000010 0.000010 0.501374 0.000010
0.000010 0.002806 0.443201 0.551860 0.002122
0.003278 0.000010 0.527993 0.468708 0.000010
0.000010 0.000010 0.221729 0.776963 0.001288
0.000010 0.000010 0.448259 0.543300 0.008420
0.003860 0.930106 0.000010 0.065335 0.000689
0.000010 0.351605 0.000010 0.130996 0.517380
0.000010 0.320523 0.324837 0.354620 0.000010
0.000010 0.920364 0.000097 0.077478 0.002050
0.000010 0.856078 0.000010 0.143892 0.000010
0.000010 0.201539 0.352719 0.445722 0.000010
0.000010 0.000010 0.402119 0.597851 0.000010
0.458989 0.106246 0.000010 0.434745 0.000010
0.001840 0.997496 0.000644 0.000010 0.000010
0.000010 0.997891 0.000010 0.002079 0.000010
0.004863 0.000010 0.168146 0.677996 0.148984
0.000010 0.006387 0.000010 0.363154 0.630439
0.000010 0.994953 0.005017 0.000010 0.000010
0.000010 0.316802 0.317313 0.363920 0.001955
0.001674 0.003989 0.031625 0.435992 0.526720
0.000010 0.000010 0.445516 0.554454 0.000010
0.000010 0.357836 0.003355 0.075693 0.563106
0.000010 0.058250 0.002871 0.271244 0.667625
0.003805 0.003543 0.008152 0.158652 0.825849
0.000010 0.002900 0.275881 0.719503 0.001706
0.000010 0.055976 0.300863 0.563561 0.079590
0.000010 0.995631 0.000010 0.003391 0.000958
0.043926 0.821191 0.121033 0.013839 0.000010
0.664045 0.000874 0.000010 0.329107 0.005964
0.432064 0.467766 0.007563 0.091513 0.001094
0.000010 0.392423 0.448141 0.159416 0.000010
0.000250 0.999720 0.000010 0.000010 0.000010
0.290199 0.000010 0.000010 0.575591 0.134190
0.000010 0.977463 0.000010 0.020945 0.001571
0.345090 0.254179 0.000523 0.296828 0.103379
0.530251 0.000010 0.000010 0.469719 0.000010
0.000010 0.873799 0.000010 0.123176 0.003005
0.365390 0.273116 0.000010 0.357173 0.004311
0.000010 0.009020 0.000010 0.253515 0.737445
0.000010 0.000010 0.252248 0.747722 0.000010
0.196992 0.002732 0.083888 0.659925 0.056464
0.463642 0.000306 0.004112 0.531931 0.000010
0.000010 0.998257 0.000010 0.001713 0.000010
0.000010 0.331579 0.334450 0.332134 0.001827
0.000010 0.683274 0.003114 0.313592 0.000010
0.468088 0.003848 0.000010 0.523212 0.004842
0.110741 0.003746 0.040618 0.784708 0.060186
0.030065 0.000010 0.150913 0.819002 0.000010
0.005968 0.000011 0.220371 0.763672 0.009978
0.220021 0.006059 0.000312 0.773598 0.000010
0.000010 0.468057 0.101311 0.430612 0.000010
0.000010 0.000010 0.234962 0.761908 0.003111
0.003830 0.000010 0.000010 0.436423 0.559727
0.471107 0.000010 0.000010 0.528863 0.000010
0.000010 0.011404 0.000010 0.465407 0.523169
0.000010 0.015454 0.267743 0.716782 0.000010
0.196744 0.000284 0.053960 0.749002 0.000010
0.404663 0.002447 0.004958 0.587922 0.000010
0.417253 0.001060 0.000012 0.581664 0.000010
0.006386 0.475221 0.098088 0.420295 0.000010
0.000010 0.000010 0.201960 0.798010 0.000010
0.211089 0.000010 0.000010 0.781867 0.007023
0.000010 0.000010 0.000010 0.492171 0.507799
0.000010 0.000010 0.225522 0.767389 0.007069
0.000010 0.992103 0.001337 0.000309 0.006242
0.015890 0.000010 0.261922 0.722168 0.000010
0.000010 0.000010 0.193105 0.806865 0.000010
0.000017 0.000010 0.000010 0.325570 0.674393
0.000010 0.000010 0.196300 0.802851 0.000829
0.221089 0.000010 0.007641 0.771250 0.000010
0.000874 0.891327 0.000010 0.107179 0.000610
0.000010 0.023039 0.180345 0.796595 0.000010
0.244250 0.000010 0.002375 0.748436 0.004929
0.151209 0.000010 0.000010 0.848761 0.000010
0.000010 0.000010 0.147520 0.852439 0.000021
0.204537 0.000010 0.000010 0.784028 0.011415
0.000010 0.000010 0.241894 0.754996 0.003090
0.014715 0.000010 0.000010 0.711605 0.273660
0.017849 0.000010 0.009424 0.663730 0.308987
0.403563 0.000010 0.002925 0.593491 0.000010
0.007436 0.000010 0.141883 0.835192 0.015480
0.000010 0.000010 0.227941 0.772029 0.000010
0.232608 0.000515 0.010514 0.756353 0.000010
0.000324 0.000010 0.000010 0.545554 0.454102
0.000010 0.602150 0.000010 0.397820 0.000010
0.000010 0.000132 0.008753 0.354214 0.636891
0.406472 0.000532 0.000010 0.588855 0.004131
0.000010 0.000010 0.229413 0.770557 0.000010
0.028569 0.000010 0.184982 0.685571 0.100869
0.000010 0.597618 0.000010 0.402352 0.000010
0.009472 0.783895 0.003947 0.202675 0.000010
0.005553 0.000066 0.000010 0.400844 0.593527
0.000010 0.000010 0.017612 0.407628 0.574741
0.400404 0.000010 0.000010 0.599566 0.000010
0.000010 0.000632 0.244710 0.752843 0.001805
0.000010 0.407356 0.181449 0.411175 0.000010
0.004545 0.705507 0.000045 0.289893 0.000010
0.000010 0.648862 0.038028 0.307544 0.005555
0.000010 0.000010 0.000010 0.351982 0.647988
0.000010 0.005643 0.320567 0.673770 0.000010
0.420683 0.000010 0.000010 0.579287 0.000010
0.000010 0.712992 0.000010 0.279821 0.007167
0.000010 0.000010 0.176526 0.820393 0.003061
0.010118 0.753070 0.031578 0.205224 0.000010
0.006587 0.000010 0.000010 0.422797 0.570596
0.000010 0.002075 0.000010 0.353562 0.644344
0.000010 0.000010 0.192487 0.807483 0.000010
0.044191 0.008351 0.000010 0.638986 0.308462
0.005207 0.000010 0.120947 0.873826 0.000010
0.000010 0.580748 0.002869 0.416363 0.000010
0.006770 0.024185 0.000010 0.499245 0.469790
0.198559 0.000010 0.071269 0.711749 0.018412
0.024812 0.000010 0.256083 0.715599 0.003496
0.222949 0.000010 0.000010 0.777021 0.000010
0.384311 0.000010 0.000010 0.602478 0.013191
0.001057 0.835571 0.000010 0.163352 0.000010
0.000010 0.000539 0.196191 0.803250 0.000010
0.415160 0.000010 0.000010 0.584810 0.000010
0.116610 0.438040 0.000010 0.445330 0.000010
0.027082 0.005474 0.166273 0.801161 0.000010
0.000010 0.840566 0.000010 0.157239 0.002175
0.032696 0.749961 0.001866 0.215467 0.000010
0.000010 0.000010 0.199631 0.800339 0.000010
0.423967 0.000015 0.000010 0.573499 0.002509
0.379546 0.000010 0.000102 0.617343 0.003000
0.002060 0.603644 0.000010 0.394276 0.000010
0.001166 0.006128 0.204796 0.787901 0.000010
0.001688 0.203883 0.140504 0.652434 0.001490
0.000010 0.716896 0.000010 0.274732 0.008352
0.397713 0.000139 0.000010 0.596092 0.006045
0.229490 0.006203 0.000010 0.763097 0.001200
0.000010 0.001476 0.235057 0.763446 0.000010
0.000010 0.008327 0.000010 0.515964 0.475690
0.000010 0.742163 0.012506 0.245311 0.000010
0.173701 0.000010 0.035244 0.638562 0.152483
0.211373 0.003970 0.009310 0.775337 0.000010
0.458525 0.000010 0.000010 0.541445 0.000010
0.000010 0.000010 0.172220 0.820674 0.007086
0.002617 0.002362 0.164381 0.729786 0.100853
0.021349 0.006687 0.186655 0.785299 0.000010
0.000010 0.000010 0.220814 0.773836 0.005329
0.248966 0.000977 0.000010 0.749634 0.000414
0.217349 0.000011 0.007228 0.775402 0.000010
0.293575 0.004633 0.000010 0.701772 0.000010
0.229439 0.031844 0.061133 0.677574 0.000010
0.003481 0.770577 0.000010 0.225922 0.000010
0.000010 0.000010 0.000010 0.358642 0.641328
0.011418 0.001589 0.219017 0.767966 0.000010
0.393840 0.000010 0.000010 0.598445 0.007695
0.420895 0.000010 0.000010 0.579075 0.000010
0.023973 0.000010 0.245699 0.730308 0.000010
